3710
5400
3235
81
535
6295
6382
2749
4804
9789
3274
7689
7528
7518
1822
10043
8240
9068
105
4418
6516
7020
7086
1430
6083
2286
8950
1282
8069
8588
8738
1575
6632
8407
5946
9987
9648
1665
2982
4831
6973
1082
9650
4959
3670
167
8335
9340
4943
514
6630
5908
65
9318
9630
8268
3676
8832
7868
10006
3396
303
8021
5556
3547
58
2824
9066
6200
1994
4995
2288
5819
4605
7368
7834
4490
5052
3938
1780
2931
272
4013
4756
231
2097
3318
101
8110
1686
5427
2499
3915
4984
716
1594
1064
5513
3765
7795
3172
8975
530
4438
9992
6678
8401
4192
9237
6425
8601
9858
2395
7347
8145
6311
1240
417
672
9423
3635
8588
7788
509
4618
9635
7412
5442
7421
8573
541
6789
6429
6159
4570
3871
1536
6299
7750
8906
6201
8244
491
6025
9033
3333
9336
7511
6089
8972
9205
1322
4111
2574
6988
6886
2478
3007
1274
7086
9884
6086
3098
7595
3573
6051
8270
9729
1201
6952
6240
7483
7779
4295
2079
2018
8106
3742
4360
6548
413
7020
9727
3722
1509
5174
3375
8975
9252
6364
7308
3148
5496
9028
4384
4097
7882
6185
3919
4694
2992
5685
2229
7374
587
2667
1029
5719
5215
2590
6434
7001
211
8182
9202
5716
8801
8463
2267
8818
2085
9611
6108
5897
6235
3379
7733
9642
9723
8332
6857
873
1655
9299
7683
5786
2010
5442
480
1899
2437
1890
5463
7967
1914
215
6505
6891
3034
4839
511
9397
5774
3197
2285
1781
278
996
7861
7131
7771
4656
1144
5093
4043
7456
6662
9633
7847
7553
4134
7410
5562
6358
6278
5608
3545
4531
8116
1329
2162
9172
1793
3821
7692
8632
3265
2443
6905
4760
4948
3389
6889
5543
50
9622
1865
3596
56
5907
1350
5878
6738
5905
3328
3034
3590
9177
6850
7940
1547
5317
8913
3326
8888
2921
6233
7316
3326
9122
6342
7338
1085
2819
7493
1040
4580
8709
7878
2264
3778
3163
6542
5539
2408
5331
9374
1139
5441
4551
4723
8180
8104
9001
1434
8956
9007
7829
1407
7926
4186
8870
2084
6481
3873
3118
2781
4156
4492
9479
6879
7344
9414
7692
4797
4589
8682
5101
9625
948
2421
4702
5217
8698
4420
1793
2916
3490
566
9408
6605
451
9964
8610
6940
1996
3478
7121
8062
865
349
6390
8051
1804
815
185
1414
5265
2346
3578
5991
1204
8479
4274
6801
1533
407
6573
3909
9581
2147
4755
6559
7551
6452
4495
9160
8022
6734
6739
9991
6891
8705
5110
4352
3645
665
6270
1076
8786
3811
2581
1690
6817
9151
4518
4388
2150
7383
1963
8107
4543
6717
8701
7144
7879
3379
132
916
2303
6761
8023
4387
6801
3586
9814
7080
3074
7628
4148
8125
1933
2340
9130
5271
5833
7959
9386
234
6625
1256
8123
3354
4591
1882
8363
567
7816
8618
8724
8133
8377
922
7396
6461
1281
9370
8512
3159
9911
8048
1354
4728
4132
2222
6044
9823
9053
8296
8206
2927
4883
1349
7578
9057
5854
8227
8229
2484
8959
7626
1267
5535
4499
9226
1145
8297
7060
2081
407
8386
4300
9575
5873
3699
9275
2245
1431
3369
620
8487
906
450
2637
8810
3522
5411
10066
9259
9554
3180
6940
1830
5815
557
7546
8153
2134
8976
7440
3972
7592
1193
6878
9702
6020
7772
4513
1236
4653
6717
7142
3262
6131
6556
2681
637
2568
4136
4891
8438
6521
3624
5665
1217
9257
5226
5461
8184
3383
4915
7926
8946
9891
2399
6621
8250
3203
6686
9290
1843
2043
1104
8167
5302
234
176
8327
1165
1905
5559
4154
4224
1889
2531
5020
2288
3952
7273
8939
9779
8998
9843
5129
1750
4424
8216
7324
2241
6010
9354
1654
750
1293
3884
452
5661
6123
2880
2817
944
4497
1925
4158
9995
7798
7455
7198
7569
2434
5079
7624
4792
8802
7508
4860
8563
169
3836
3616
3457
9387
7025
5371
5032
2203
3147
3355
6031
1816
3631
1000
8644
5391
4505
2469
6680
5132
8397
4403
864
2496
5341
8107
4314
7567
2757
2796
2393
9987
3352
4818
617
6293
6658
5048
9862
7690
9553
9132
1826
7970
7876
8590
5111
7026
7338
1005
8048
3075
4204
4687
8176
1827
4328
4007
370
7041
8900
8373
414
4984
9848
1813
9545
1364
5521
373
4733
3937
5818
5119
6125
4239
349
1593
6920
874
8872
7173
6437
8371
893
8265
3503
4592
6350
1666
4430
3805
1126
8000
1830
1119
474
5377
9388
5226
5054
5862
1946
4082
6271
7077
4262
7937
6035
5991
3672
1129
7914
3767
6310
7588
5090
9874
9910
1539
2314
9387
9151
4622
5770
5661
3930
9945
3048
9050
8911
6981
2494
7194
3321
4890
7054
8518
7810
4002
9959
2875
2558
2038
2738
7473
285
1806
3767
1441
3743
8981
3169
9565
3145
812
5686
3199
9016
6307
2482
5964
792
1753
9182
7903
8486
9980
6942
8839
5668
9349
2199
5755
3941
5579
8499
1700
8124
6
9204
6488
1052
5502
8522
4138
2953
1701
2239
8929
5823
5166
8560
6174
6573
6599
348
9676
2017
1903
2130
7238
5682
2745
2754
360
2338
9158
8744
140
7770
7303
5985
8478
8415
998
6277
4589
3535
6137
8760
1071
4631
8202
8171
4850
1288
6768
5442
1432
1785
6959
6974
2530
4987
2902
4026
4650
560
4590
7501
929
7904
2367
5551
3357
8788
7907
4321
2327
1614
9113
9208
501
9321
4704
791
8267
5886
4446
6844
4931
6932
3803
9433
6666
7668
2743
2199
9150
4543
851
2044
2837
2262
1876
7595
7247
5853
1984
3488
8743
6938
4186
984
6767
3346
3417
2994
5829
9743
520
667
4474
4974
4315
7618
9473
797
9852
3252
9918
542
4398
2047
4899
4037
1638
9291
3885
8776
8985
3715
7057
4778
8856
9834
7036
918
6470
4170
7214
6693
5622
7521
2910
165
5198
9314
4550
5369
8226
989
8188
9206
979
2284
4241
9703
7569
1827
6127
1336
2030
3384
847
2496
6513
6793
1498
1969
2032
6923
5839
8593
10056
6497
8618
7213
4689
3538
2008
7166
2077
2184
2568
6053
1016
7028
5760
6621
2347
8155
3457
7822
8575
6240
6352
5261
3524
8309
4209
3249
9847
4785
2204
3932
7083
1673
3613
4944
3413
9028
748
8047
4345
9372
3127
6385
9104
4739
8734
5616
6918
8966
2890
9025
1251
2375
8499
5280
9288
3904
7077
1594
7668
3599
1164
4776
8961
4765
3861
4512
8052
6022
9718
1902
5757
7625
2352
1476
1812
8979
495
3562
3606
7564
4679
5139
1420
1887
8716
6401
5852
9868
9504
733
2624
6748
5976
5132
1198
6008
7330
1264
8613
6097
3098
4512
2730
3411
8182
6007
2765
2835
1926
981
6821
5306
4393
5361
5876
2944
6462
7830
7942
3884
4395
5893
1607
2159
6453
2962
6339
9834
7345
6247
2860
2100
2852
4720
183
5932
1103
7896
259
2449
5704
2544
6137
1584
3781
6607
3227
2168
7649
5834
8000
8614
3344
4371
9123
2874
4687
9476
6706
611
5148
9637
8537
7011
1302
322
768
7314
8004
273
4709
4512
7423
2731
1305
774
3171
7337
8521
4198
3350
1683
5913
736
6888
7301
6714
3451
2059
4423
2135
2327
5613
3119
218
6566
4394
144
9803
6833
4499
745
8505
1555
2937
6439
7480
130
8284
3484
3271
4529
704
480
1859
7051
4005
128
8097
9132
218
2362
6847
696
8498
6139
6635
5490
1547
7751
5941
2273
8750
2262
6541
491
9575
4364
1651
4158
1746
8024
672
5725
2143
8134
882
4236
8912
8988
601
2166
8639
9155
4195
3097
9821
6931
7247
5268
8636
9979
10061
5306
7017
732
6332
353
2085
7917
5432
4730
4647
1950
421
3788
3277
4831
4287
8416
588
7933
8302
4499
352
6420
5990
7189
8967
8735
5365
4801
8899
1633
5926
7200
5454
5992
5876
3945
5465
8165
4076
8348
7002
8736
2167
763
5726
6861
1455
623
1704
6819
9715
9963
3738
2893
9640
3315
4534
1568
8197
325
3737
1632
3857
1855
1479
9447
2147
2681
3695
6158
3120
8939
7781
3265
9044
2260
3385
7680
2454
5512
866
1433
6930
1357
5893
2922
3145
9225
8474
5768
2237
6408
1873
5473
2632
870
8407
9069
8922
4921
4151
6384
2261
7184
4157
4509
7185
8174
3915
5995
7142
6151
1673
3493
1904
1566
8865
2311
9617
8118
8653
6426
2407
7507
803
2572
6520
6001
300
4896
516
915
568
3117
5280
3865
6471
5978
7499
4955
3091
8758
2606
312
510
7615
7774
3017
4314
8382
3673
9633
5099
1580
1652
3461
266
3263
6884
4636
4940
4629
3290
7262
84
9608
452
6460
3861
757
729
2865
2595
2829
5961
9483
2178
9772
7964
5582
5187
4363
3388
3798
5017
9020
4932
9401
4371
9616
5901
7491
9369
9752
6856
4191
3081
140
5531
10029
4651
2602
7192
9719
488
8102
4591
725
8961
103
2068
418
9002
4229
652
1338
9512
1043
8649
4474
6255
8187
8073
3617
9193
5409
4219
8920
8893
7660
3612
4755
1895
5987
2766
2242
9341
8829
9145
7006
6018
2208
7251
9616
6835
5543
8778
6182
2301
3879
5235
6697
2755
8247
4177
9200
326
3043
5042
9826
6088
4982
1972
8249
9487
1898
4455
5507
428
1671
5213
7358
8333
5626
2862
1557
7180
6526
3808
9583
3061
526
6334
7188
5993
3976
2236
9356
1589
249
2995
2463
802
5437
6274
363
2658
9262
3080
2059
7814
6384
3675
6776
9635
8677
7692
8963
6239
9262
5625
7906
3124
3628
9823
1381
4331
197
2419
9429
6556
890
5456
8999
6862
513
496
3475
1840
5928
5351
5458
4036
7446
5185
1014
7591
2147
7967
1095
2018
9973
9881
8691
6660
9542
789
1498
3112
3886
8429
6196
6662
5372
8452
2068
4233
5540
5294
8346
1359
69
5346
3278
9474
2961
1921
6581
6462
5821
1077
1536
9731
1983
7564
9535
7970
3680
3733
7980
279
7416
8912
9645
8607
90
9509
1253
5060
3126
3318
4005
4874
7062
7201
8119
8544
2238
2142
8985
9805
6744
706
1111
1038
850
9454
8153
5146
9041
6466
6133
5254
5025
2762
802
2989
8087
5397
1921
5944
3300
3830
5884
2873
1177
4643
3261
8341
9949
8453
6327
8204
3947
2524
8845
4843
6424
9804
3756
3538
979
8500
4383
8682
501
1190
7439
3803
5504
9812
1049
2753
9486
9685
4196
4433
3962
9220
2331
8783
3899
5870
5624
5281
5802
8089
5957
581
6056
4892
6000
1632
8515
4464
1217
9937
9429
8911
8085
5045
5442
3348
228
3047
504
9093
3421
8975
7736
8988
2844
6625
7336
6136
9533
5566
4115
2679
9099
3185
6175
2213
9210
4137
933
2104
1059
8607
323
123
5678
7388
808
3098
4654
5668
1120
3030
5476
3385
9353
2647
6728
5113
2155
9517
3582
336
5933
553
2228
7669
410
9886
6926
4756
1318
9201
8510
7706
2207
1156
6685
6283
7436
9357
2911
9268
333
1668
8678
5947
3680
4247
2119
1814
1733
6319
620
7188
9291
4025
9928
4437
8652
10029
8683
3484
7382
3411
2294
132
7953
4950
5258
2934
1344
5714
6408
7739
6057
8596
9902
3160
6069
9444
7955
4794
2233
786
4491
4651
3235
3364
6620
1008
1280
3526
4194
1025
5816
1130
6303
5835
8277
8586
6445
1211
6159
5580
4587
1714
8753
9607
4485
9414
7310
6480
8977
4756
8741
2530
9136
1123
873
684
2304
1232
49
6461
7729
3744
8828
4959
8697
1163
9113
5181
3690
2506
5616
9877
8045
1485
4558
1538
10078
9936
1663
6515
4314
4103
3979
4285
1745
8437
2490
7890
2033
4736
7175
7687
7813
5964
2271
9790
2766
2569
9383
620
6155
1047
3577
5287
4519
1110
2653
5057
6225
6248
6159
7639
2488
8176
9624
9105
4060
6983
1698
2108
8449
4070
8223
7773
2806
5602
2617
6749
9605
3082
6331
7568
1347
537
2878
5421
2071
2334
1375
995
6690
9353
5942
6871
7183
3639
4649
162
8218
5199
5952
2380
6416
922
7483
8079
1023
5939
6090
4974
8919
9397
2329
5769
2768
7901
7795
3001
1300
4560
1997
5563
2627
6043
6768
8247
2288
5460
3313
7773
4706
1059
5809
2918
4140
8603
2674
1668
8176
3823
7638
3239
2175
7051
2384
7775
305
5797
9051
5984
8750
1787
1261
6477
3723
6937
1331
3795
1332
5200
1929
3418
8065
1008
488
2817
4037
3167
6920
7193
2454
8162
6817
3444
9110
4575
1623
9529
3414
9266
87
5744
9244
5628
1064
2966
3261
9860
5692
836
1953
2146
3210
5773
4870
3182
9678
5286
346
1245
9993
1033
7844
5941
4149
4544
1993
8487
974
736
1808
3306
5302
6567
2064
3264
4579
4219
1495
8517
3041
608
2361
9148
9512
1637
6360
8964
5992
9868
5947
9021
3685
1859
9457
3234
6048
92
9093
553
5381
2435
9691
9610
9535
2649
8867
4869
4717
142
9662
2978
9774
6623
8467
9982
5673
5344
9920
9957
7042
7446
534
4518
1600
2034
541
3225
4240
9088
3231
6461
7591
3177
5720
9575
1998
4728
1945
4088
6464
1160
7392
3679
391
596
4294
5035
7824
5754
7505
2564
8559
8441
9148
6705
1260
5176
2056
2894
7727
2274
9509
3812
8132
7135
7403
1445
9500
9022
4924
6819
3398
7394
7107
458
6234
3062
9002
9234
8949
2625
2325
8524
6466
2984
9531
3732
7955
7344
7570
9649
3190
2205
5842
5533
4065
7452
4738
727
6079
8652
9571
1149
9766
2440
2600
3796
1058
540
9950
4352
337
9316
6541
8688
9858
4387
2432
3259
3882
2138
347
4829
898
914
1196
1169
5779
9118
6633
1146
7756
4830
1023
4992
9895
7692
2127
4155
7644
3726
2793
2983
7838
3550
8770
3472
235
9319
2497
2320
4104
5242
5091
5413
7071
485
6544
1046
4431
5111
5501
2384
3090
9504
8676
7040
4346
1520
4285
1029
2230
3730
1241
9462
1980
5079
9314
5675
9119
7054
3160
3033
2430
9600
7592
581
8402
4802
5344
5068
5044
7415
3963
5771
4426
3335
3025
1450
676
4727
4238
4348
5877
8440
9671
1206
6312
1782
7918
9462
6636
6189
8972
1320
1294
626
7613
734
380
7371
8888
7424
9706
5328
3065
6125
7440
9115
2558
8670
2688
1947
4122
6300
8060
7111
1208
8353
9947
1046
4675
2518
5791
1137
4574
8459
5208
10074
5695
6342
9003
6860
4245
7281
8798
7109
1805
8251
3665
8602
5301
1660
128
6098
712
5785
2050
6084
7764
341
7999
2745
9483
3704
6489
3997
5577
2057
10047
7682
3103
6533
2269
1203
2289
9304
1451
10045
5502
3043
2166
3487
5354
5953
2708
5866
9611
718
7574
4522
2374
6309
8332
3720
2612
1983
10008
5178
9971
6921
7324
4694
7743
4920
9890
1337
5777
8746
257
454
8982
3953
6816
6913
6367
2174
9129
6731
8387
4699
3702
6795
3588
6200
7812
3020
8100
4744
8514
8056
8000
4778
3104
6459
5717
5973
3353
1557
4565
7043
615
8131
9546
9885
7090
9197
580
4877
7889
1480
8700
5635
6526
5203
1106
5978
4919
3043
9491
8681
3378
7928
7959
200
6700
8415
1692
3663
7399
1820
7317
6433
4566
2905
8608
6895
5669
8502
187
1985
2993
2140
607
9161
874
2718
1437
2932
1283
6265
3680
4486
4143
9234
4400
1170
7823
4736
1570
6390
1135
3191
4463
1132
4569
1990
6769
206
8473
5194
3115
2823
8534
5625
7613
5204
3580
3978
7027
6494
2365
6149
7469
6350
1852
4973
469
2163
1513
1765
2362
4079
4227
391
3020
9156
7831
7129
7819
3851
1281
7296
9182
3365
3553
6025
4609
8162
770
6397
7900
1785
3267
7336
2247
3315
6269
7789
2575
2450
8841
4552
7541
8545
7425
8307
3003
7261
5211
9914
2091
7144
6297
117
8696
7509
3652
7193
7332
5762
9540
2639
418
1323
803
9244
671
7560
4030
4700
6402
117
6928
3857
5657
1575
3641
3945
371
5845
2763
3974
7883
9263
5368
4493
2379
4483
4429
6124
7813
1489
4523
8123
3313
6075
9010
5667
4040
4864
5099
7436
6476
5741
6417
7150
2223
8341
3034
1546
6538
2176
6578
4951
5330
6337
1632
412
8202
5172
630
5201
9869
5756
2517
9004
3832
3564
7985
7338
839
6302
10006
3090
5578
9079
3140
5117
331
2118
4433
4412
4911
4933
2597
8869
2200
8419
8190
6666
6028
6133
6182
8434
2030
5467
7832
7285
4060
8197
7096
2605
8541
7859
8741
3009
6427
94
252
1678
1589
7454
3181
4673
9567
57
2544
8668
9842
3974
3560
9457
2284
5252
688
7227
3881
7955
2029
6962
1755
869
5786
1541
2169
368
5108
2022
5633
2537
4008
8550
749
3961
5290
6986
7694
3800
9950
5365
9818
4107
5363
4928
9558
3674
3482
3964
8483
5871
5053
3275
3318
2485
5079
5292
9740
6129
1783
8710
4774
7368
715
1248
1866
5581
9878
9372
2191
2721
8516
2120
10070
5919
1814
5602
9618
7405
559
2190
5726
9097
2833
1409
9236
4903
4752
2263
7833
9232
1720
2492
4062
7829
4756
9504
299
2291
5980
766
439
9222
5301
6219
2276
9039
6443
1543
3986
7635
5596
9078
1946
1585
3927
9347
630
5764
6363
5375
9991
8844
8503
9549
6065
7490
6781
114
6794
2810
359
1247
3387
6777
1551
1000
9023
534
6485
9078
3374
6769
5740
5091
4790
9414
9118
2347
181
4813
3782
5731
1862
9341
2507
9806
1191
8644
9666
5623
544
5815
4559
4725
3540
8929
1608
2735
3435
727
6752
832
6966
1032
2021
3650
4202
4838
3933
9506
5259
7303
5551
2894
8472
7587
311
9474
454
2770
3318
1251
5739
2286
8210
3249
6435
2896
3246
7330
1920
9501
5995
8469
1989
8681
7412
5284
8727
5279
5618
2966
5332
6748
7858
2755
1601
1018
7487
3750
479
7189
1422
3600
9948
9495
7261
276
8224
3631
3559
4869
4899
8862
5327
4319
7550
6308
238
5277
8594
8308
3438
7259
8016
353
9837
6591
3765
9630
4171
7360
7966
3301
9734
4494
9455
6793
3895
760
7503
3341
8791
4532
7842
7757
7020
6343
1342
2943
4328
2066
2897
9181
5421
8457
3510
2773
4287
7413
4076
348
2744
5837
8792
7873
5275
9460
4956
1070
4838
5909
3830
3253
2244
6351
1893
3521
5947
7734
7148
4116
1804
6752
8473
9745
3501
7911
4141
1654
1587
5161
7262
674
698
457
225
2878
758
4945
3705
8747
248
743
7679
3230
2960
5303
9732
2288
6996
837
9829
5507
9649
9624
7799
6817
1240
1246
8866
795
9173
4554
4633
5444
5698
1559
6200
2320
174
5460
6474
4781
2446
2791
508
9344
5837
995
6951
8508
5276
733
9641
9881
1155
249
3823
1500
7314
7387
4131
10013
6788
6749
9904
5296
4138
9213
5287
9852
741
6581
7689
639
5031
9032
7214
1791
8862
6701
2759
6556
4232
628
1069
8520
9440
2483
5839
4590
3657
6389
1477
7483
9330
5311
2488
5342
146
8796
5360
9282
5126
4339
7497
1741
5109
8184
8920
6879
6156
2948
6567
1417
414
4134
287
6832
7792
6284
6405
2501
5116
4405
8961
8444
5885
3415
5835
5371
1451
4734
1835
3309
5246
7426
175
9270
3174
5433
7369
7054
7827
8364
1706
8874
5701
7405
7582
3420
2764
535
3284
635
6091
8546
2504
9324
8779
2803
7579
2404
7793
7121
6680
712
3946
4788
3662
9944
7749
5823
6700
6590
9091
8421
7227
6207
6792
2904
28
5373
1122
7461
5436
7095
8506
9545
573
3290
8138
2486
5145
2990
1827
7966
9417
8387
3352
1527
9510
4531
7596
9527
6469
4085
7037
6276
1522
224
4967
7810
1429
1127
8301
6225
1030
8385
4691
9501
3186
2024
2767
2105
7320
3943
371
9327
558
9137
2910
9329
2278
1474
8135
4386
7123
7749
816
6836
8441
3033
5042
3170
8920
766
3928
4630
3965
5884
3389
9627
9189
9310
3387
703
3032
3199
8554
9879
1385
1861
6844
4128
8901
5419
6339
1611
8678
8095
6970
6500
4991
4232
8624
3625
7362
7881
8182
7578
8127
1883
4348
2655
4316
4001
5753
3848
2709
6847
4798
7550
2066
9027
3545
9840
2159
5052
7874
8494
4615
6038
9203
3621
4120
9499
744
3687
8637
5616
1825
2816
9789
3100
1782
6011
4091
9274
8041
1411
3217
7285
4217
9282
6192
7694
6511
4511
4536
69
5610
8920
4286
5504
943
4243
4083
579
8605
7459
7315
8972
4478
6333
3802
1538
8740
1474
8405
1559
6451
5966
6139
1491
9015
5746
6566
6362
7161
6263
5455
6384
8012
9878
3795
8274
9744
3390
3341
6831
10041
4992
6256
160
359
4138
229
2566
1087
7215
134
1385
5934
1918
2318
7889
3989
1424
6744
9920
6769
5375
7139
7845
6742
9265
6707
2913
8035
4426
9938
5069
1401
6783
487
1453
6919
461
1078
4892
5776
902
7266
7634
4903
8163
6980
1379
2234
9136
1069
2635
10027
1055
3912
1483
6211
8381
2405
1286
733
4806
5238
2352
6803
6499
4636
4819
8387
8277
7928
1845
8397
173
2495
7219
3518
3352
568
6081
9698
4254
1419
5202
1205
1863
9444
5881
87
7753
3772
4573
3054
5799
9934
9956
518
3819
9540
4304
8604
2487
6080
4899
6933
7612
7328
4099
115
2915
4289
9535
6933
9353
4832
9775
6130
446
3242
987
7801
3437
7141
8116
44
3411
9958
5445
5108
5922
4760
6034
6922
5710
1677
2796
1602
7263
3721
8357
8872
4403
7223
8379
7203
8377
2561
9059
7095
2104
7672
858
1033
6826
9758
1177
3208
118
1582
5221
5309
3358
4214
9909
9696
2642
6813
9247
7978
5209
7414
9024
1820
9863
248
1248
4887
9731
9482
2918
1506
9152
5265
2422
6982
3589
323
7577
4311
8154
8734
9922
6467
2527
1803
1432
7263
7787
5293
2028
399
2829
4434
9122
408
9462
9237
2615
1595
1558
3196
2914
9931
5643
3568
3658
5845
4545
3151
1434
3454
8953
6485
8200
5719
7685
5357
1979
7557
6771
4155
4897
6669
2738
5619
2335
1173
7921
5512
1896
8440
6351
6437
5393
2209
4873
2346
2470
1873
7744
1789
9075
7624
6977
2875
4121
1012
1367
5059
7601
5028
9789
4952
5250
9876
6777
9377
935
2706
6243
9345
9502
3444
4016
3786
8379
496
2246
2937
8380
6795
7087
7318
5631
8493
8110
1246
4452
4591
9450
2742
3301
8508
4841
5700
6715
7291
1178
4382
7138
1240
566
5370
3333
5995
4596
3174
4482
6001
9232
1357
3159
2306
9509
7350
9416
4453
3633
3762
6091
2358
1005
1041
9823
967
1402
7659
7176
5103
2811
9437
10001
4719
9872
6858
4496
2806
1006
7245
7195
2390
6693
9415
6124
6712
9582
7466
2650
3022
6924
8289
5301
3227
4847
6046
8590
3248
8191
1811
3440
3202
877
8809
9059
2305
720
7308
7846
1290
7165
7293
5525
3543
9410
4387
10034
8529
915
696
8132
5762
9701
1084
6115
2898
5815
1440
6936
1314
2799
1907
5848
10049
6689
2794
6205
9831
4235
9810
5746
6135
5455
9106
5120
1348
8680
3356
2553
7348
6561
221
5006
5028
3524
2150
9955
3387
8370
359
5524
3865
7420
8536
6783
5472
2282
2414
8253
2835
8390
3655
5827
9960
5846
195
4484
1778
3789
4486
8755
170
8212
4678
6237
4448
5055
9177
1355
7588
2063
1175
4404
1160
5824
5020
8165
1920
437
8994
6668
7506
7755
5163
8480
5168
2995
3247
1805
1847
6210
8564
4566
6856
3339
7883
9198
4289
4631
4971
4712
9758
9091
1313
3670
4833
6183
6864
37
5606
5828
9642
5085
4388
2191
9032
5704
768
8105
5648
1497
4165
9983
4635
954
9655
6341
7914
5632
3798
7914
883
7829
4723
6341
266
3257
8075
1713
9519
5462
9303
975
9633
5723
638
8870
3466
2133
5190
965
2466
9741
3721
5710
279
4870
9327
2955
8708
4947
4772
9776
6672
8932
6490
3525
377
2054
7229
6094
8788
3294
3113
3231
3736
3623
4504
9304
1415
9245
4342
3165
8544
7574
9141
9486
889
2302
7890
1980
2621
40
1561
8157
3736
7137
2681
1606
1678
9508
9006
1259
4385
54
1703
3807
6496
1305
9495
3641
5724
3818
3688
2087
811
8696
6895
5969
9724
3412
664
1958
7370
1425
1485
2657
8552
4523
8156
3763
762
8689
8670
5142
3291
2380
8330
3675
10010
5126
6470
7665
415
3419
1255
7444
5747
5981
3300
5369
2188
3055
8143
2328
8083
8609
1395
2084
4519
287
8791
7799
6374
7863
1060
5075
686
9872
7319
9540
5911
2465
4229
9122
2510
733
9697
4747
4820
8203
5649
1586
3817
7770
3463
2744
5314
6682
2315
4449
7671
8583
6271
5897
2147
9430
9935
283
2228
4742
1519
1371
5351
2481
2620
4950
4721
3864
3169
4594
6518
9264
7597
10011
107
8126
8543
4668
6512
3969
336
5675
8710
8608
1911
9800
9782
4588
1016
9715
5556
5310
9947
401
7080
1844
3195
8579
9569
6389
6641
9763
7757
6312
5155
2507
6476
7367
4101
5540
8345
1055
7413
6051
3026
8416
4882
8599
8735
7571
7243
907
6857
2752
2195
4649
1882
8387
1494
2535
3183
444
1638
6862
211
469
3525
3783
2106
7497
1082
1099
4006
4868
177
6177
4510
7530
5568
2627
5135
9439
6980
5147
5963
3292
1047
6318
83
3062
4746
9726
2165
7861
1607
9718
6244
7807
4989
2215
2002
4254
2408
659
4267
5210
2861
7077
8350
8917
1735
9155
402
7360
2572
8953
7491
3728
6388
4849
7961
5672
1100
8257
3945
1916
8368
6016
639
6819
9108
3892
5237
9008
8313
1985
6374
9553
2963
9534
1239
4997
8728
4682
646
8737
7078
8910
6455
9997
4285
3548
2243
4390
7117
4575
1532
4168
6842
2137
6457
3447
6061
8408
2786
9841
6640
287
2547
6651
1159
579
7104
1812
6207
7788
7380
8857
6103
4818
1927
8469
505
6413
5991
8922
496
5950
6857
7901
4468
1982
2982
7851
4213
535
9834
7266
4019
9548
9351
3369
680
10055
9738
6854
6054
2163
5832
782
8837
8843
6629
5218
2344
3167
5946
4101
8360
269
4620
8460
2217
2272
6844
803
578
7013
4664
6616
9508
1313
2472
1885
5727
5187
5534
7179
4177
8409
8712
9263
1363
8954
966
5645
1657
5884
8577
7571
2432
857
2614
8326
146
322
8452
4352
2067
8351
1484
3411
806
3528
9474
9941
6365
6030
1492
1976
3648
448
4342
4375
663
1952
6627
1493
7216
9422
8676
4802
2871
275
4148
2258
6959
2404
10064
267
5711
5431
239
8680
807
351
128
731
8645
3620
5665
3146
1189
6482
8434
4437
1625
8992
5653
5477
8484
2098
7189
7817
6291
1083
9919
7138
5884
4770
9379
1072
7884
9027
6697
9851
6489
9899
7434
1969
1762
8291
9839
5352
7958
2651
1987
4501
6296
9614
7885
4279
4124
4158
8205
7845
1636
4359
4022
9856
8791
5523
2486
6854
3405
4332
8644
8021
9100
3187
815
3578
9625
6584
205
8085
5156
5980
9790
5234
8365
6894
4436
2285
9704
7094
9063
5628
1118
1145
1163
6526
5498
6419
4302
4640
3778
5784
9055
8003
6151
5584
8378
6311
9581
7074
2942
9473
8715
3534
103
5537
2314
4800
5696
6385
409
3118
2985
8137
3190
5820
5068
830
7343
3007
1447
3985
9771
1387
7746
3472
5998
6795
8677
4160
2753
4308
5031
7811
2012
2477
5568
3426
5105
3364
5042
811
2336
6281
1601
9036
6479
8381
940
6493
9567
8968
1689
2933
9663
5703
1995
2003
3083
5049
4883
5195
3636
9129
2278
137
797
9491
1352
5439
1229
1926
214
3713
8370
4138
5457
4468
2664
6177
9120
9345
5320
8711
7416
244
1445
4432
2357
1113
3012
3834
740
119
8252
4551
2464
3496
8841
7013
8862
7464
5585
4475
6046
4873
3350
6488
3314
3651
9061
1396
4607
5563
9656
2315
5838
1233
7680
1921
3807
1844
1659
7352
1097
9049
5409
1584
1542
9722
8484
5921
7972
8354
9120
8438
6874
6289
4771
6016
848
5931
1715
8883
3475
7064
6950
2538
6297
3083
7423
4450
7960
5441
6889
1209
9079
6652
7165
3011
396
8904
9170
4724
8538
3393
1885
2915
1192
1485
5970
2023
9640
8451
414
3649
7694
712
6451
4788
5900
3659
2330
235
4584
7709
572
8260
4613
3174
731
5743
8286
1395
8150
6036
4265
4493
2276
2576
9057
3771
6223
6000
1252
2169
8556
6412
525
7790
3943
5382
9627
3666
7211
5068
2785
2009
3379
2401
3340
2618
8640
4849
3195
6749
2622
4157
4615
358
3970
604
523
8219
427
1039
1396
1822
5346
1806
1966
1734
6990
3044
9922
5988
5134
3004
9111
2118
4450
9611
2967
8587
760
2961
1504
3372
6794
2608
2476
6613
7849
5777
3498
9156
7157
6451
2757
4696
7887
5949
8508
345
8394
8122
509
942
7010
7925
7172
4709
8406
759
8754
4533
5568
4892
2359
5582
847
4185
996
2420
4352
4667
3684
2059
3144
9457
7082
7399
6981
6679
3881
2756
8522
8640
4574
3678
7616
6607
382
5947
440
4285
1904
125
328
789
5221
1397
3043
9516
7356
2747
4100
8829
6929
618
6287
4697
2892
3334
4135
9838
225
5758
4030
7090
928
2564
8053
5768
2275
2259
3845
3010
640
6115
6625
390
3545
6427
7579
5119
9513
9741
1485
8806
4504
8579
531
1345
4091
2203
6070
3876
4999
9701
3574
839
5012
3162
8700
6462
9091
4211
2836
3350
1974
3900
4404
270
7833
8187
896
7051
2163
4963
1934
6725
9076
3252
9098
5145
8313
5326
6627
4677
1625
8523
8094
1039
1944
7426
10037
7509
1293
7332
9825
4024
7679
3512
4699
7727
7158
5103
4334
5264
4701
2763
3099
57
3595
1040
2423
4216
619
3370
8427
4252
3554
595
8154
421
4807
3798
2368
8555
3853
2043
7215
5239
6549
9459
5812
267
5623
9812
9378
2884
2277
8349
3146
6915
9056
2036
7678
4007
8342
8957
9734
2530
2642
1638
5132
2362
3713
8259
3772
2721
6593
5352
4590
4752
5482
9695
5441
3029
4420
6361
1797
9517
9340
4980
5461
8497
4966
2632
9565
5098
898
2772
6924
627
3077
9753
1968
6590
3253
6928
8131
7026
5631
5312
6846
6448
1513
2992
7479
8638
3216
1536
3868
9053
2254
8344
4116
9689
1233
1149
7872
8329
9327
328
1197
3520
7263
5855
9439
761
7195
8237
4329
7215
9084
6046
2219
2447
1854
761
8000
3622
9141
9004
539
2684
5027
5202
8652
7375
635
7249
4006
3161
5082
5169
8108
4550
4475
8292
5775
8905
1850
2715
6379
7146
9721
8730
6603
9440
5767
4568
9606
3585
1481
1603
9159
4364
874
3968
7027
3076
8020
6628
3751
2360
6882
9601
8555
3078
1370
7297
7847
7543
4950
8431
5184
4878
3219
3932
3830
8997
9530
3458
4444
4378
3827
2396
5945
2905
7757
9126
9001
2401
1767
1700
2630
2515
1907
6350
5019
8269
8659
3029
510
1704
3376
3716
991
707
2403
4460
2067
9650
5357
6429
2984
8083
5168
8805
3252
6454
7545
8711
6241
3751
735
2539
7695
2881
4446
2342
3914
7982
7743
7370
9901
7377
3849
8438
4416
7547
6657
4159
8480
9866
2655
2864
8838
8360
3938
7383
5760
7490
9710
8511
4475
1934
2349
1541
5738
9911
9921
1219
6079
1499
7819
62
2554
2001
6189
9000
2876
1502
9585
2260
7161
9873
3709
1998
3181
6110
4939
7188
6333
5964
5905
2992
8456
6565
247
5922
3405
646
3045
6855
2447
6139
5242
1087
5072
6754
4572
2317
6850
3679
3711
762
1400
4136
258
9585
6466
2551
5256
5892
3197
7511
8549
3406
8462
8800
9042
5547
3528
7550
3283
9001
2812
7662
7798
8250
5953
1374
1842
6306
4323
8734
3582
118
6626
3504
1009
9412
3067
4447
381
8167
4763
3596
6879
9419
3870
725
4897
7070
1068
1285
5685
8408
3977
5825
1709
3353
5990
5536
9309
3877
9165
6687
8054
5486
4184
3709
10026
1132
1029
4571
7105
1667
979
2222
4615
3272
3358
4148
9973
3091
8915
6684
5174
9002
4578
1498
7703
7288
2926
5227
8118
7527
968
5397
3766
5004
1646
4133
5561
9229
6614
4232
99
9156
3489
6671
5293
5593
1879
6959
2135
836
6108
6857
7909
8013
2919
1349
6324
2148
7300
4028
9170
8711
3268
9303
191
5439
1365
4173
4539
2711
7042
6681
6975
5887
152
9529
5742
3032
6468
7071
4984
9163
963
4537
1882
5518
3764
1251
9837
7524
3258
5521
1399
620
3446
4479
6407
7389
3238
5481
5230
2952
5707
5840
7546
1789
6623
2414
8422
2247
6930
2808
2927
6916
4532
3841
9601
1314
7101
3360
3228
1708
8618
484
7010
5064
8366
3487
6931
9915
9105
3782
3059
2875
8608
4712
1090
7845
6647
2952
3616
107
4747
5686
201
9246
1867
6822
8130
5040
2037
8280
8630
5492
7011
1392
5318
1472
1197
7948
8917
3161
179
2017
2237
1206
5618
9958
4521
2034
6452
1020
4729
8040
5808
3481
9338
8267
9230
337
3446
5593
3587
9469
7159
5848
1134
1585
9266
7894
8021
6057
4221
3034
765
4770
1119
5883
8375
2670
9460
1753
5241
6209
5420
2091
1634
6958
4981
5511
9621
2466
3154
1604
6207
9721
8946
2418
7323
1151
5188
8794
3848
8784
8353
733
782
1072
4155
7924
6750
8540
5376
2292
5739
1648
2843
3861
2451
1677
3145
1188
4619
374
4788
1694
2199
9745
7445
6380
1738
6574
4827
3781
9384
492
478
9068
3693
6428
245
8981
4461
2477
6968
4004
9495
5844
966
462
7693
9086
8739
5777
3748
3575
6432
8947
7435
1812
6539
2019
6200
2915
10046
74
437
8419
9971
7818
9057
322
6454
8944
598
7202
2731
5682
3289
5006
8179
9935
6897
4002
5207
3098
2022
5912
8798
4924
1870
5394
7552
6040
6031
6833
8784
5436
1329
8659
166
6958
7586
6971
236
4689
177
9116
1213
4774
8860
4012
834
9536
7847
1307
2310
156
3646
8885
5126
2094
9961
9237
5427
876
8076
8138
6945
3781
1974
2660
9560
6837
2399
3294
1852
5436
9206
9145
4941
5227
1214
4636
7296
2706
3359
9859
6990
8782
4874
9570
9972
4644
5936
6522
3764
6451
7623
9295
5562
294
9776
802
9306
2360
4170
3415
3194
2282
1754
2465
3009
3105
2513
1705
560
9553
4762
9760
6145
759
6661
6913
8392
1442
4204
8321
5432
352
9979
2125
6566
9885
8339
7907
4174
955
5350
3147
3318
6544
4701
842
8896
483
9409
2024
646
3412
7610
9679
2495
5277
4556
7844
9219
1555
1811
6559
9748
5840
5960
7640
2282
8101
8578
7935
870
5224
7743
5911
3761
3439
2320
8837
9701
3782
5098
1277
8580
3431
9766
4537
7187
8669
2781
8097
8251
925
595
5248
693
8615
6556
5681
5427
8553
6734
2083
2756
5057
1490
842
7300
2921
7783
801
3303
6727
5413
1253
7725
8591
9254
4540
1231
57
8909
5019
8972
6714
2313
7739
9435
8179
3080
8198
1849
1323
7367
9318
5313
3876
3032
2989
9491
7667
9774
10024
6177
214
146
6120
1457
5656
9563
9879
6959
1555
5307
852
503
9059
182
5643
9797
5370
426
4447
5190
3117
7586
5834
3009
3446
8243
5573
5426
1533
9921
1820
5591
2117
1237
357
9176
3837
2676
3965
9672
2910
4317
9119
9321
5305
6739
5117
6873
904
6356
7195
7293
1204
3261
4611
8789
6854
2110
9108
5535
6829
3996
810
1638
1536
5434
2335
2373
1654
5019
4625
6296
9473
108
2294
5600
4172
3527
2974
2902
5716
9499
10021
7848
3663
4097
9182
5971
4953
9893
7877
2528
1245
3188
3777
5036
6936
10053
2612
4837
3227
768
5434
3672
9023
195
5163
5207
1288
3086
6996
7067
8909
7194
7531
304
772
2127
4016
5506
1822
2450
4631
5950
8561
3541
9714
5746
3886
2753
1029
4684
6687
568
8716
6153
8031
3779
8816
1190
1323
5392
7850
5867
183
5662
487
9371
3263
4084
2268
8773
5096
5521
4838
3747
3901
9757
231
6095
6700
7884
4561
569
9752
2259
1147
4780
6188
2712
9619
9746
5504
7927
1283
8657
4588
1476
2758
9429
2955
7040
2624
2901
4778
5996
8330
4073
5149
8429
8431
672
6286
8325
351
4163
9247
3613
9180
3140
8285
4413
1235
2858
292
5325
4680
7947
704
2718
3880
614
4141
7607
6799
3488
6141
4162
2544
6219
8261
4115
6600
2867
4740
4563
8575
8055
1914
8646
6164
9902
2544
5935
7290
4129
2709
1001
3065
2769
5662
6182
5066
9612
9601
1897
6450
728
8321
288
1275
3623
5321
9497
1000
2300
2255
3506
8925
458
3836
6901
6712
1939
497
3206
9202
8413
3910
5466
2685
7827
2401
8418
7111
6111
3887
7540
3246
4496
7810
8172
637
4141
653
5764
9831
4435
1281
9817
4285
5493
1496
1181
2316
4789
9537
9697
5652
978
2260
2151
6539
4228
1947
8717
6129
562
3452
8724
3726
8353
2681
9593
701
795
9919
1157
5690
3236
1940
123
2374
1952
4985
7800
297
8130
6711
7468
900
6579
7515
9836
9328
7096
1234
5494
6765
5640
6986
6718
2150
2917
5176
8931
4954
9506
5805
1979
8622
2557
8756
5974
4461
3628
1359
5034
4152
4978
8189
4366
1879
1916
9370
9022
5432
6658
2140
2365
4199
7900
5149
1475
7090
1186
2873
1127
5629
8640
9348
5496
5299
1525
4640
246
5990
3158
3738
3097
3696
8764
9689
7526
5496
6422
9938
2183
230
1685
3804
2471
2686
3543
6567
9760
777
3038
7377
8240
2840
275
9190
6924
2423
6800
6697
2332
1254
8264
8720
4291
9058
2519
3950
5366
8083
2026
608
2850
116
9116
1480
8601
3527
6661
7400
7949
8037
5351
3737
4935
9015
8898
4919
2560
3956
4306
5781
4376
5930
4161
8198
2346
5189
880
4771
651
5433
3216
3854
7746
61
5752
4761
7708
3775
6579
6590
866
6526
559
3767
4938
3364
1960
6586
1133
7911
8695
3272
9621
4377
5277
1434
8952
3996
9111
3277
9421
4759
10016
3596
7798
4293
437
9053
7221
8819
6907
1152
8067
1575
5472
3885
7699
5184
6147
1422
6544
6695
5937
9548
7940
8220
8521
3311
777
6325
5944
3799
5011
3920
373
1462
7362
104
2667
9020
7872
8159
2817
9188
2465
8803
8231
4562
4096
7060
10028
1239
9088
3251
7101
4967
2168
7673
7057
1187
1183
4089
8798
8863
9641
3667
598
9668
2356
3999
7899
7188
4554
7609
531
7391
1396
983
9039
5745
1974
957
577
8414
2505
5000
3790
2930
9454
6260
5693
1554
7587
3541
4891
1562
4956
5593
5753
4624
2527
4822
4416
1013
4548
61
6981
3489
6612
1099
2621
977
1337
9368
431
1456
6272
5479
3834
7116
3570
4882
1301
1377
8059
1925
7594
967
9274
2229
6936
5172
6119
6353
7048
4740
6855
3780
651
8577
6490
5647
9658
9274
3158
1246
1392
9408
3373
3769
1792
3597
689
9312
5090
6207
998
5471
4773
5945
8805
7780
9813
4013
1863
9812
8799
8607
739
3238
8367
3516
7553
6377
10036
6415
5617
5343
297
1125
9646
5768
4299
6743
1157
3377
1932
5193
2136
4371
97
7218
7592
10005
4325
6255
2019
1225
8960
318
506
2398
6841
4583
1719
3659
2300
87
5947
338
7527
3152
1225
8471
8602
6608
8738
4056
2804
7017
100
8896
4010
1301
1686
2785
841
1266
266
8456
1136
535
6678
4265
5787
6562
8011
896
600
8182
10093
4005
6805
9105
7617
4901
5183
1135
6184
7500
2736
4017
5678
5325
3368
1122
779
452
6707
3618
9626
9335
261
6528
4681
4573
4248
773
9809
8714
5863
9146
4919
6784
1663
2156
5278
5905
771
8140
8920
9174
3909
5551
2350
9455
405
7412
708
3155
955
3467
2908
1425
4262
5436
4837
8907
761
5026
1280
3833
5492
6815
8051
4830
1439
4993
226
683
4844
6580
482
938
2502
6865
2902
5225
4502
902
4618
7712
6486
6710
1680
3708
3318
2511
2032
4055
5670
4525
4175
9624
8094
3735
8767
5024
457
8121
5333
5018
4779
1562
7235
3955
2693
4034
8132
8003
290
5144
3039
467
8208
8194
3027
4850
3251
7175
4538
5948
5814
206
9845
2682
2353
1802
4400
1450
3414
8706
9062
6657
2526
9003
7570
449
1089
3440
7622
3580
353
1677
6460
9819
9077
8826
4639
6656
1924
6887
6719
9036
6900
1153
4903
4455
8925
2418
1865
1465
3272
1590
2080
7785
6415
9603
868
9704
7273
2196
8148
3590
1693
8714
803
7111
6777
8242
5857
9018
3208
7864
7167
8002
934
2821
9407
8763
5025
7168
3963
6059
5485
5755
2937
6071
9600
6479
3964
3713
7186
6585
5603
202
2579
8964
7754
3388
5581
7139
120
920
9707
9046
4386
1074
5551
4422
2713
4339
8151
4391
883
1749
9530
1286
4660
1929
8415
494
9840
630
9185
9150
5833
9798
2898
6242
8125
6550
9441
9811
8852
1076
5172
6273
3095
2960
4512
6634
1656
6986
375
4540
3729
8760
1383
3528
9173
3759
2332
1867
9542
165
3042
6909
3185
9106
3280
4718
7393
6337
911
5221
6878
6939
5267
7199
9739
5021
467
3737
1983
9722
9148
4730
6727
1528
3442
231
1982
2192
2134
4468
3059
863
7576
9788
10002
7480
6455
1849
5886
3377
6279
2257
7037
8020
44
7301
4586
2886
8970
4331
4689
4375
278
584
9454
1697
3728
152
4660
6194
6865
4164
7816
9724
2282
2063
8524
4273
8869
1224
7680
262
3132
8483
1043
5158
632
1868
5233
1639
8306
691
2700
1789
8783
6149
2139
4080
5686
5672
6100
894
2561
5233
7013
1462
3086
8305
5978
3663
2960
3680
5186
2878
2932
7507
1837
2070
3720
4749
6686
8608
773
8218
6761
3969
4251
977
1667
66
4863
6238
4935
3608
5416
1998
4321
8131
7225
4402
4336
6217
2225
4181
3506
997
729
1329
5347
6876
9500
5476
5585
1525
2414
5705
6855
7943
5321
5529
5281
9807
9970
1479
8682
8692
3434
8161
6584
838
8123
8355
8371
263
931
1529
8576
1979
5129
6475
4470
1747
1891
5983
2103
3728
9622
1361
943
4290
9925
4244
3413
9559
2338
8459
7405
3720
2622
376
2729
1208
8749
6550
6749
4123
9169
1283
747
3582
6876
2449
8351
2485
5776
2003
5827
7113
8337
6773
609
1563
9116
4917
92
5604
6692
3657
530
8624
1461
7321
6448
4371
7899
6177
8298
895
3295
9887
464
6412
9702
4708
8868
2644
265
76
4354
4156
1847
3270
4278
170
6081
7118
1753
9858
9856
7846
7802
5259
6813
3790
9686
2181
8084
7985
2072
2644
4316
955
9549
3731
1587
8034
4724
6466
8434
1513
8007
2313
1801
7513
862
8234
2428
7501
6158
7591
5466
9692
5025
4237
6219
590
2101
2926
5610
3932
3007
8002
7661
3522
5698
4074
2843
3865
2580
3838
6461
5535
3436
8622
1358
1870
1077
9605
4237
5120
344
3658
9265
7262
4537
6802
1733
2170
3304
6819
9702
8932
1017
5628
4273
7748
6194
362
1437
3461
4881
3177
5105
4339
2443
9280
6051
9035
5710
4934
1663
7156
193
9525
1353
3761
2058
1658
4943
8134
3413
1894
8283
9143
8148
6532
3012
3824
7465
7343
8791
7410
7004
4271
1323
5443
2376
6710
922
7157
2435
5085
3583
1212
4815
2323
2269
761
5059
7477
3594
3627
2914
9086
8696
5315
6138
9139
1815
3379
1463
2793
1641
9162
1048
2935
2069
3070
3054
1328
8353
5438
3297
6822
1034
4250
5756
2335
6708
351
745
8504
2354
454
9985
9716
8326
8987
5789
9295
2267
5627
495
1525
8472
7568
7720
4637
3953
1792
3027
8381
2720
1790
5686
8042
4584
2130
4192
4890
8141
4387
4738
2344
6573
5086
1750
9813
3344
9336
2590
3238
7205
8358
7984
2971
5460
8291
8891
1346
977
1320
6156
3502
8994
1135
6422
4863
2350
3935
2626
2817
374
4542
8002
935
8577
7859
5998
386
404
2682
8504
9364
6923
3897
6263
3946
3930
8458
6985
3416
4258
6500
2489
1254
4664
2377
7688
6730
1146
4019
7097
2954
8961
1815
6963
7666
2764
1181
7209
855
8931
7750
7378
987
4861
8489
5579
1793
9013
2996
5149
3253
932
9422
9527
2671
6015
1182
958
8175
9833
6587
717
8762
8247
8214
8573
7514
8458
256
9671
2649
9553
8885
2306
8889
2634
6461
113
5590
3187
7961
1380
3829
8616
481
3266
178
3119
5940
8781
6525
2914
923
4467
7545
2879
5525
3590
6755
3340
2951
6423
1987
8398
3875
5266
1151
9592
7317
1198
7771
6673
841
2651
8575
4585
5007
860
3159
7378
9095
3640
3286
1282
9701
1818
9115
7022
4813
3810
4525
7471
2012
9082
3847
4764
1715
5696
4094
1910
5665
7472
8329
994
6724
2736
5808
6986
4696
9246
5139
7641
4871
4464
6521
2613
6160
9576
7237
89
7883
1368
5642
7767
7032
8785
3480
5331
2419
7269
8527
10037
8830
1732
2641
2538
952
6821
4970
6736
7706
427
955
5794
1657
4873
5454
7479
7029
6658
839
9102
9360
4542
365
6185
5808
1866
8626
2647
6980
2977
4936
6573
5927
4143
8631
1114
5374
2227
9592
6321
7634
4724
2105
9002
1096
7625
5146
605
9985
3991
4247
2865
7067
7918
6011
4519
5037
2462
2820
2232
2506
2658
360
8478
617
5167
3880
7042
9279
67
5358
1443
6488
3541
4331
5733
1935
4294
4161
5098
1346
2151
755
2383
6562
7884
9593
4771
2194
1498
391
9572
8280
7079
2743
9828
1352
5573
3681
4798
2914
8421
4566
8394
7710
5896
9781
2885
1791
3060
4799
1232
7424
8212
7217
4005
1749
2393
8075
2038
3288
9991
6010
3736
9047
8593
2341
9851
5440
9779
3583
9046
2367
657
4835
2333
6886
3798
1307
6856
6939
4152
4184
8008
4576
2187
7829
6048
1582
6744
9158
6998
3912
1452
7242
1877
6366
6119
2542
10028
8119
7886
2405
2302
6849
6510
633
4662
6964
2272
7030
4740
6388
152
1143
8657
5052
1468
6734
7550
5274
5797
3877
9314
9082
1200
5693
5714
9362
9819
8555
2326
7577
3521
121
4001
1489
212
9017
2312
1070
416
2015
7701
4506
4440
2202
9273
6764
197
6522
1138
2856
9434
7185
6277
4219
7628
5432
169
2655
9304
1228
7195
3927
3788
4198
921
2585
5283
4610
4283
4509
7673
7094
6184
2404
3616
3025
4235
4459
9963
9053
8319
7344
7614
7719
9792
10014
4679
5261
5867
8961
3907
47
1397
8521
5720
4801
1821
3747
6704
7439
9851
267
7271
7953
5750
2474
1358
256
9585
6725
5261
9149
9825
8975
567
5636
6576
7455
7584
6839
4879
5448
4392
1651
3391
9188
6207
1991
7439
1525
9989
981
9169
6569
6501
2696
1631
3924
6359
6205
3955
4659
6239
5005
126
592
9848
9289
2668
8327
8228
6708
1678
1987
6063
444
6094
2637
7911
8468
377
808
6939
5447
4970
1287
7407
2810
8531
9728
5545
7168
5081
6428
53
9986
214
6913
3453
9318
8792
1374
4704
7742
8037
4033
3798
7730
3464
4429
5312
258
7719
5284
2190
5701
7716
3338
3864
5560
4806
8093
3203
9994
9834
6543
4995
3377
3825
9944
5873
3154
8925
2214
129
7300
9877
9697
7472
6054
319
5063
9150
485
9764
1548
2280
1783
3699
2956
8030
1321
8310
3492
6914
5599
8347
1455
5360
9483
8527
3217
4590
973
5156
4728
6843
3649
3272
7040
9297
6428
3007
4051
5881
5948
7022
7824
6675
6211
8880
7525
3193
628
926
9308
6366
324
9725
6702
4167
6273
4424
9159
9100
5392
6062
9860
6750
2025
767
355
3274
9116
7714
4863
4772
9376
1390
2758
3558
928
3674
1480
3933
609
3747
4343
4202
2630
1781
10002
4686
8259
7619
2671
1673
9855
644
1980
3802
1787
9660
780
2094
1935
7007
2938
7472
7621
8419
8973
6552
1596
2673
4383
2324
234
4805
8503
728
3284
8579
9281
7271
7447
9756
1987
7758
9710
9771
9515
6415
6736
7119
581
8233
1686
6291
9068
379
8210
5492
2548
6242
6290
8956
4265
1911
9154
8796
9434
6105
10046
4545
4868
8138
1164
9331
9490
8528
7844
4295
9014
9363
1493
360
1345
4505
7723
6662
3827
1725
1092
1260
9240
9071
7178
5447
5729
466
9180
7010
9901
1770
419
6420
5841
1694
1811
6377
8999
8089
1272
8475
4505
6932
2424
4112
1612
6255
6824
8786
7077
8360
6044
9940
2743
7327
4024
7373
3652
2067
707
4758
4523
607
6197
168
6132
8467
9523
3276
8894
2538
5314
7704
3028
1351
8412
2410
9631
486
8716
5306
1692
9481
8286
6038
2370
8912
7299
2859
8897
6770
2823
2900
8402
738
6648
775
5974
8417
1974
255
1894
4536
2088
5876
461
902
7983
8147
9896
2512
1139
7494
6152
3984
2925
5027
9710
269
9568
8988
1300
9524
9997
8272
9166
8895
6581
76
4858
3416
755
8859
616
2116
7729
2823
848
768
2675
3195
2434
4851
4638
7952
1444
9937
2369
2518
329
5726
1844
9597
7201
6047
2063
7971
7443
9617
160
4181
1395
10009
9019
5659
3367
6367
6293
4213
8886
5876
5513
5200
9179
1289
4995
7248
5846
2813
9590
6822
2467
4525
5358
4711
1409
1398
639
2482
4076
9110
5546
8019
9721
2562
1814
4925
8729
2846
546
787
4250
7786
1344
4561
6696
6949
2535
9991
1958
7872
4445
4210
8353
9718
7071
9816
8949
6063
529
8171
3305
5725
2645
4302
831
885
7429
1008
8209
7339
7491
2806
962
9242
2150
8622
5090
7454
2624
8444
6440
1290
4177
5857
2730
3923
6556
2918
1856
5267
5831
5720
845
4911
7486
9482
2537
4003
2775
1757
3010
8436
8716
3241
6024
7136
5006
5335
2182
5578
9806
9801
1989
1667
3617
9278
5411
8650
1526
7208
9409
8415
3357
2828
201
7818
9723
4913
7680
9032
9858
429
2183
5506
9978
3968
9568
10013
8742
1123
7552
1514
2664
1395
9212
7745
4994
596
9761
3495
1474
5285
2308
6624
843
2555
2792
4430
3005
5605
8909
1241
7682
3590
597
3490
3462
5621
3082
9380
6098
4730
8514
452
7643
3638
1967
2964
9325
3446
6301
4401
4620
8093
8473
4084
1967
5967
631
8154
1487
1083
2828
9308
6911
8280
8600
5584
8909
3431
3708
910
2634
2362
5807
7896
8514
6905
9235
6054
1624
1968
9573
5854
3738
8522
6706
9426
2368
5266
2059
8077
4550
4525
3799
6289
1172
8106
2013
5385
3202
9502
9497
8109
423
2696
8994
5712
2008
3687
6974
7389
4337
1401
5765
8406
3302
7785
6644
7221
1826
2206
3147
623
664
7121
4091
8342
2614
1083
2886
10003
3556
1545
6238
3524
1140
8791
6156
5649
9980
665
9888
5004
5008
7238
1681
6691
7486
1642
9611
8094
3552
7644
2603
2735
8723
9159
4916
7370
2759
4128
4355
5884
1665
8323
5302
4532
9608
4820
8130
7353
3511
1722
9637
4610
9906
2941
2115
5164
8913
4810
2414
5677
4028
6743
561
8818
3217
4959
5837
1355
964
8915
9231
6713
124
4815
3421
717
7099
5718
4113
4191
7632
6389
1375
8071
8197
1676
3674
8028
2468
2441
5896
5801
3176
3313
8711
7276
5663
2321
3918
1988
3536
1952
8310
3466
5484
5528
1674
6932
5504
1048
6659
3119
8194
1918
8291
333
7374
1494
8570
5371
7125
7892
4886
2511
4032
7215
1837
5570
4684
8349
1099
7358
7225
3115
9971
5955
5691
4809
1233
3625
3537
2213
136
8013
1376
4052
7554
3606
2772
6631
7764
8853
8942
6590
3539
1697
9916
8806
4198
1129
5644
4254
9148
4134
3391
822
2260
7169
9542
3988
6531
115
2153
2757
8151
1631
7976
3150
6255
8798
6959
807
5552
6628
4343
4332
2459
3480
5827
716
9032
4030
742
3933
671
2948
1412
3054
4240
8263
56
9263
9600
3232
7889
1914
8805
3630
2978
2849
9257
3887
5710
3787
2734
8438
7203
7863
3002
4688
7601
3866
8804
5959
7718
7940
4511
202
1278
6379
2293
9408
8726
2504
1023
5025
52
4937
2693
3095
2111
6248
5470
9404
240
3419
502
4685
6355
9814
6992
2208
10035
8409
447
2000
8895
5388
4399
3772
477
6181
6275
9117
4314
6162
9978
860
1621
8846
6978
883
8848
6443
965
6896
3564
4929
3897
8575
8985
2027
5617
8830
1908
1815
4681
1064
8821
5686
284
3636
1913
9893
8669
6531
9412
2924
7649
4824
5536
1100
5541
2556
2279
206
7030
2617
8565
3815
7084
1196
5108
4033
1979
8470
1752
6593
7990
7713
3650
8991
4421
8633
6528
2732
8999
6317
556
9325
9113
2459
3623
620
812
7941
8960
7799
7401
2525
5185
3698
1693
4449
318
7242
7875
2805
1412
9217
8062
6591
3052
6512
3531
440
6852
2655
458
3353
3435
2616
2805
8862
1455
6347
4147
2748
9938
108
4602
1939
7243
2510
508
4534
8866
1308
5279
5794
806
2460
7689
4708
4420
7301
7922
2887
2793
9123
3716
3449
7063
510
1132
5233
1056
9448
2753
2677
1630
8653
8228
927
9493
6830
6216
2000
4842
1778
5120
4070
961
4827
331
3496
6492
7671
6298
1946
1104
8853
5261
6804
3317
2336
8250
823
8881
5535
5860
1080
7387
6924
3554
5682
303
4488
1746
1974
8836
6009
3273
2503
8736
7674
3175
3104
7358
6804
1503
4532
9631
3627
6569
8897
6017
8697
4247
4003
1747
87
335
1589
9424
7519
3389
8790
7276
602
4124
5508
3318
2041
8014
9458
3878
789
8894
821
3232
1702
6696
5745
5467
4076
8408
5989
6447
5398
6631
6680
460
7285
5903
6583
9102
8261
4935
6076
312
6197
8698
6451
2773
2064
2864
2476
6065
1587
475
9960
6261
1681
2185
4054
370
7321
5094
419
1880
6086
1079
6977
832
8020
6540
738
6107
2853
2636
6994
9814
4631
697
1589
3689
9730
2442
772
1429
687
2978
3426
6352
3682
9442
8100
3951
6625
239
9736
1994
1206
2331
3817
7028
8037
2138
1800
3998
7232
8714
5157
619
9872
6101
944
1636
8738
6736
3984
3316
9976
6093
150
3463
2392
5370
3904
5436
9305
9594
2189
4855
7754
6140
1561
6269
1216
5871
1362
5005
524
7360
8823
4410
6841
886
7691
2564
7285
3340
818
2890
4576
9659
4404
5897
7597
5563
2310
7157
134
4388
3736
9574
8214
2426
5028
7271
334
8099
4052
5974
3462
678
7815
1030
5830
4831
1279
6844
9726
1081
692
6968
7740
2171
1624
5998
2286
3417
4363
7060
2373
5967
2402
5754
4588
6787
1446
6260
1478
3588
9133
4495
2519
7827
8463
9736
2883
7097
1021
7266
9540
7194
465
2630
8091
1404
8414
4849
9915
6776
3720
5422
4673
8093
1524
7509
1969
4559
4363
7040
2369
2088
499
628
5822
5000
6274
8649
5546
9298
8207
594
7715
5272
1304
3294
7012
7064
8627
533
7553
6395
8511
979
7943
3688
3289
8988
1994
1992
9181
3276
6976
2665
489
6105
1240
8027
3801
6418
5589
356
6899
8840
6113
8397
2326
447
4522
1057
2467
9212
6019
9714
2552
7673
8701
9524
9930
598
5352
3997
6925
3184
3813
2715
4112
6243
5473
6008
4600
8622
4268
5006
2767
6499
7156
8406
7499
8184
8388
6502
5336
8784
1312
4938
4627
1722
4364
2946
4789
7859
8804
8634
361
6523
3875
3855
2028
6226
3589
1762
7330
7016
2670
5183
8169
2013
5461
5832
3723
3582
5186
3014
6334
3064
2911
8045
4515
1841
3834
754
6220
1586
9571
13
9579
7097
7290
4489
5405
9657
8684
4815
5270
90
3533
3816
6169
4044
2673
5340
262
9576
8654
3637
7872
4985
7303
5861
2661
4334
9353
8656
6157
3873
2915
3640
7755
3290
9787
9278
6479
6725
6620
5313
1046
8232
454
8580
5593
1698
7770
4247
1160
4392
569
1167
590
9739
3087
6392
1004
7139
7617
4126
4329
7928
3721
131
2168
8390
4498
2394
59
8505
3491
3432
5779
2011
2500
9067
4572
1386
1726
5731
8748
2936
9984
945
9971
9393
503
415
9706
2139
1121
1493
4506
6444
6953
6379
6250
5206
3457
2533
1705
5846
1108
4700
4893
1831
754
517
8761
4150
5340
4024
2354
384
7785
1943
1148
7908
257
1833
2055
26
3246
4323
3760
281
5158
3252
9641
5929
9211
6822
8221
5024
3494
6189
427
4611
2962
1936
3563
8331
2728
2341
1424
6053
8600
7098
3662
1508
5238
5463
10017
1947
5266
5858
2257
3560
2077
3512
6781
6693
4897
8460
8524
8373
3670
2085
115
2972
4172
3023
2972
3924
5042
1059
9507
9761
7750
9217
698
2641
7631
4312
4967
1888
2371
8125
7653
2853
2092
7175
7719
8613
1366
4347
7931
2540
1471
5766
6745
1730
8723
6967
8162
1728
9787
815
1996
5631
9916
1482
6623
9614
3531
785
5644
5597
8579
9753
4843
6006
6441
4744
2554
7955
6409
170
9664
3784
7721
6076
9545
291
6747
7622
1278
8828
6754
2365
6503
7984
5962
8654
495
7730
9415
4139
1736
9740
679
2682
3496
2285
7739
5764
7628
3411
910
1825
3263
2232
3213
4195
7107
2446
3757
2300
2891
3761
5494
978
5882
2917
5316
4455
402
3767
5616
7579
8157
3065
1306
1775
6008
934
1219
828
8962
51
945
9016
55
1220
651
1050
4928
9630
9186
6538
6800
3001
2044
7629
80
1391
4797
2230
3042
6828
4806
1411
8050
8526
2406
8734
5096
9834
8070
4300
1349
9132
5850
3555
3768
5196
4365
918
7655
5956
7069
1824
8831
1810
5274
1308
8006
9027
4307
5258
9118
2859
3367
8409
5781
3588
1514
1268
9574
3404
5446
7783
1309
9817
1798
3650
1834
6962
2895
8629
2294
1480
186
411
8435
867
4784
3438
7917
7968
4587
3241
683
4028
8131
2208
7432
6791
5344
9888
3474
3765
8314
6963
3067
8555
9054
6632
4557
3221
2328
2024
8025
9887
8474
6853
3188
2817
4178
3891
7215
7507
448
5864
7359
303
7070
5652
7299
4620
1620
3978
8297
2420
9032
2229
5014
8726
81
3128
6279
3232
1915
1052
6933
4892
3351
9519
4480
6679
4459
2369
1302
7545
1891
4929
311
4129
5954
7798
608
7598
373
8116
1666
4671
6313
8209
7989
8751
9085
6962
849
4231
2478
5848
3580
9655
3221
8760
8772
7271
323
2553
3892
7004
4045
1234
1261
7756
103
9436
3255
7440
3067
7521
2187
6878
6478
3282
3445
2255
508
2089
5310
1766
5958
5204
6451
8099
1454
1212
6565
2311
3730
6069
8387
822
8118
6868
5266
4999
5995
2846
9154
1818
2817
508
7277
8782
868
7191
5833
4354
3332
3637
6063
2331
5145
4258
8779
7517
1563
7289
3353
2503
3532
9681
3863
5926
1463
8303
856
5741
8368
6557
2232
4902
8357
5195
918
8436
10001
6373
8410
3621
4419
3657
5115
3733
5555
3141
570
4043
2838
3143
3141
4360
5954
9568
9137
6895
1266
1288
6155
2427
1617
1857
2468
10024
1295
5320
1005
187
6571
3933
2745
8274
7685
2854
889
8011
9707
3455
1926
3790
2905
415
4996
3377
6511
9886
4396
5676
3829
2079
2720
9733
6215
759
2925
4020
3561
2196
1142
6281
9042
3065
434
1876
9881
5237
6654
1234
4263
3520
6495
9123
4484
1022
3003
9536
9629
1787
4005
530
127
9044
6842
8511
8577
4499
2081
3890
1100
1996
8473
2352
6643
721
3959
3443
3174
3476
5423
976
76
1482
1555
8426
6690
2915
4464
5822
9212
664
303
9867
2799
3295
7789
4631
2203
6127
7843
2523
3938
2205
460
8518
6978
5501
3090
511
1270
6621
586
3029
3575
2757
6320
8460
6925
1316
1148
9715
8770
7964
3093
6610
4890
3224
588
4423
1615
1786
5066
849
7116
1934
4457
8848
9321
7643
1445
6731
3589
7969
2315
8294
8581
827
2936
8096
6247
775
4235
136
2744
2228
4542
3034
1373
8515
2456
226
9399
890
5135
8542
5273
8395
5249
9174
8820
4740
2919
7548
1438
4236
1781
1237
4325
9722
3675
7099
242
967
6482
5991
4153
4770
1067
1217
7291
8908
8724
6510
4783
8714
652
3712
7464
2540
1030
5406
1823
8460
1403
4157
7638
7623
5869
2070
6522
1818
6455
627
2672
426
4306
1390
8516
1430
5683
8470
1309
2341
2884
438
5152
9238
6650
8134
