16299
13514
10318
9008
14334
7136
16885
6126
8553
9255
12282
12779
3617
3730
9956
3024
6861
7057
13577
13598
18927
10169
13519
12574
17574
8335
6819
19089
15357
2552
5302
7923
11170
12047
10102
11715
11789
11194
13588
10086
7358
10076
4944
13671
14691
8320
10855
11213
10281
8533
1610
8469
13893
11413
2488
7702
8977
13082
6000
6927
12033
6094
6900
10322
13273
6620
14511
13692
11106
18592
2012
8851
13128
13968
11391
8877
17904
9018
4984
11042
7252
18549
11810
9225
2754
15567
10463
11165
5409
15426
15084
9282
8332
16850
3050
10630
14612
11123
6829
18395
